10
13
4 10 18 29 30 31 49 54 65 67 80 88 99
7 9 15 18 21 35 50 53 64 75 75 98 99
11
12 21 29 31 60 71 77 81 87 92 98
7 16 27 29 45 63 74 79 83 88 97
14
6 11 23 32 42 46 53 63 64 75 80 84 95 97
1 11 13 24 40 42 46 62 63 72 76 81 94 97
20
1 8 10 16 23 25 26 31 35 41 43 48 51 57 60 75 82 90 96 97
2 8 11 20 24 26 28 33 38 41 47 50 57 58 74 75 88 92 96 99
20
3 13 17 23 24 28 32 41 51 53 56 61 67 71 74 77 82 86 92 98
1 7 16 18 23 28 29 33 45 52 56 60 65 69 74 76 81 86 91 93
16
5 10 12 14 21 30 34 39 44 48 53 57 77 83 88 96
6 10 14 20 22 32 36 41 47 50 55 59 82 84 95 99
13
12 29 33 39 45 56 66 72 75 86 89 90 95
20 31 38 43 53 62 71 73 79 88 89 91 96
16
2 2 15 17 18 24 25 30 35 41 50 50 52 74 89 98
2 4 16 20 22 28 30 41 51 57 58 67 82 83 84 87
15
9 11 12 15 16 18 40 43 49 62 73 83 84 85 89
10 13 15 19 20 21 22 28 30 44 67 71 74 81 93
20
1 5 9 13 21 26 34 36 38 41 47 49 53 66 66 69 76 84 91 92
1 8 12 18 25 32 35 36 40 46 48 51 58 66 67 75 78 88 92 93
