10
16
1 6 19 30 34 40 42 42 43 49 53 57 71 73 81 89
3 19 25 29 31 38 43 47 51 52 56 61 74 78 78 91
13
15 16 19 20 35 45 54 67 81 81 83 90 100
4 15 18 19 25 41 49 65 69 81 83 89 93
15
12 22 26 33 36 44 59 65 76 79 81 85 93 94 97
7 14 22 32 36 43 47 64 66 78 81 82 89 94 95
20
2 8 13 17 25 35 40 43 47 50 56 60 62 64 64 74 81 88 90 91
7 11 17 19 25 31 44 46 46 52 62 70 73 73 80 84 89 96 97 98
11
7 18 23 37 45 62 67 68 74 92 93
10 22 34 35 37 57 62 64 73 74 75
17
5 16 21 23 24 31 38 39 41 45 57 69 70 72 72 79 99
8 15 20 27 33 39 40 49 51 57 60 65 79 85 86 94 100
16
5 14 22 28 37 42 47 49 52 59 61 70 77 80 86 99
4 13 18 27 37 38 44 49 52 56 59 63 72 77 85 86
16
3 5 10 18 25 35 35 48 51 53 85 86 87 97 98 100
3 4 7 17 24 26 35 48 51 51 77 85 86 89 97 99
13
4 23 28 31 35 49 58 66 71 76 82 89 96
10 26 28 31 44 55 61 66 72 81 86 95 99
16
5 12 19 24 32 36 38 45 49 57 61 76 80 95 97 98
2 7 13 20 28 36 37 44 49 50 59 69 79 85 96 98
