10
18
6 24 27 45 50 52 58 61 63 66 71 77 79 87 89 97 97 99
10 13 19 20 24 25 34 43 46 51 65 68 77 81 88 89 89 100
18
2 5 6 7 16 28 32 37 39 54 55 59 65 66 68 68 75 91
2 5 6 10 18 32 36 38 52 54 57 60 66 68 68 69 86 99
19
1 5 11 15 21 26 30 36 46 49 55 58 71 75 77 81 83 85 95
3 6 11 19 23 28 35 38 46 51 57 64 74 76 78 83 85 88 97
14
5 10 16 19 23 28 47 49 64 66 85 88 93 98
7 14 17 20 27 35 47 54 65 81 86 88 94 99
10
13 18 28 36 37 49 54 56 76 80
16 22 36 37 43 49 56 58 78 88
11
25 38 42 50 52 61 66 68 70 74 99
6 35 41 46 51 54 64 67 69 73 82
10
9 24 26 37 49 59 60 74 95 98
9 10 25 27 43 47 55 67 81 95
16
1 20 20 22 25 33 33 39 44 49 50 58 61 66 77 99
4 9 19 22 27 40 46 55 56 66 70 78 81 82 88 96
12
17 23 32 53 60 65 71 72 82 90 93 95
4 21 31 36 54 64 65 71 81 86 93 94
15
7 10 12 15 20 26 35 45 52 54 56 64 74 80 95
3 7 11 13 16 21 29 40 45 52 54 62 74 75 83
