10
20
1 6 16 22 25 28 31 34 35 40 45 49 65 68 68 80 91 91 93 95
4 10 11 18 21 21 34 40 52 55 55 57 63 67 67 68 74 76 80 80
12
2 6 17 20 25 54 59 62 67 81 83 86
4 7 25 27 35 38 53 58 64 79 97 100
19
5 13 14 15 26 28 30 31 34 35 48 52 54 57 61 66 75 86 92
7 8 11 18 29 50 53 55 62 69 70 73 80 81 82 84 85 88 98
15
1 20 26 40 41 49 53 55 56 68 68 75 77 84 96
7 17 27 28 33 38 39 42 57 58 64 77 78 82 99
12
6 12 23 46 51 62 79 85 87 89 94 98
7 20 29 34 37 42 42 49 64 91 94 97
19
4 14 14 19 20 23 25 31 43 44 46 52 57 74 79 79 93 97 99
9 9 23 24 37 39 47 51 54 56 61 63 74 76 76 86 94 100 100
16
1 6 7 8 13 29 51 54 58 58 63 65 66 74 78 81
4 7 9 24 27 31 31 38 45 52 53 68 73 92 92 95
20
1 16 22 24 25 26 31 32 34 36 41 44 45 50 55 56 58 59 83 89
3 18 21 25 41 42 46 49 50 54 54 61 61 66 68 72 76 86 88 95
20
3 17 20 21 22 34 34 39 41 49 60 61 68 70 74 74 80 84 88 98
3 32 32 36 38 48 54 55 64 65 66 68 71 73 76 82 83 89 91 93
13
1 13 14 22 25 29 48 61 65 66 70 76 87
5 9 14 22 29 34 41 41 48 64 70 79 94
