10
16
2 13 23 28 31 37 38 55 60 65 67 70 71 83 85 94
2 5 20 26 30 33 38 51 57 64 67 69 71 77 84 86
13
2 17 27 33 37 44 50 59 66 73 77 91 93
8 26 31 36 40 46 58 64 71 73 86 91 94
19
5 8 11 17 19 23 24 32 35 41 51 56 60 67 74 79 84 91 100
7 9 12 18 22 24 25 34 39 44 56 59 64 74 75 79 85 93 100
18
8 13 21 26 29 32 34 39 45 50 56 59 62 64 73 76 82 96
5 10 16 26 28 30 33 37 45 46 52 58 60 63 66 73 79 88
15
2 13 17 26 29 32 47 54 64 67 72 75 78 80 99
9 14 21 27 31 33 48 63 64 71 75 76 80 88 99
20
3 5 9 15 18 22 32 43 45 56 60 62 63 65 72 75 86 91 92 95
3 6 13 15 20 29 40 45 54 57 61 62 64 70 75 75 87 91 94 100
17
9 20 26 29 34 41 52 54 57 60 63 64 73 77 81 86 91
8 19 24 27 29 40 47 53 57 58 61 64 68 74 80 84 87
15
5 19 49 54 58 64 70 73 81 88 90 92 95 97 100
4 10 23 52 55 60 69 72 75 85 89 91 93 96 100
18
4 13 17 18 27 34 45 49 60 63 66 69 72 73 83 84 85 94
5 16 17 19 31 40 46 52 61 65 68 70 73 79 84 85 90 96
10
2 16 22 32 46 50 56 64 78 98
4 18 24 46 47 50 58 72 90 99
