10
14
2 23 24 27 38 56 59 63 64 87 89 92 96 100
4 5 10 13 21 37 44 45 47 61 64 66 67 89
11
11 14 15 18 30 37 58 59 71 81 99
2 12 15 17 24 34 38 58 61 73 86
15
12 13 14 31 55 61 63 71 73 82 89 93 94 97 100
4 12 13 30 53 59 61 64 72 78 82 91 94 96 97
12
5 23 32 38 39 46 50 57 74 90 93 99
23 26 50 51 56 57 75 76 83 85 95 96
17
17 23 23 33 44 54 56 58 64 73 77 78 80 89 93 96 97
7 23 23 31 36 48 56 58 60 64 75 77 80 87 91 94 97
15
2 8 10 16 23 39 47 51 53 53 71 87 90 94 96
5 8 15 22 26 46 48 52 53 64 85 89 91 94 100
17
4 7 29 31 35 38 47 53 61 63 64 69 72 81 84 95 99
4 5 19 29 34 37 44 51 55 61 64 66 70 74 83 88 98
18
7 16 21 28 31 34 36 42 43 54 54 63 72 73 83 89 94 100
2 10 20 27 31 33 36 38 43 47 54 60 64 73 76 84 91 95
16
17 25 28 34 35 39 42 47 51 56 63 69 76 80 87 96
20 28 32 35 38 40 43 49 52 60 67 71 79 85 91 100
14
10 18 33 40 45 49 56 61 62 65 71 83 87 92
7 17 32 35 43 46 50 59 62 64 65 83 85 89
