10
20
3 8 9 10 15 22 22 24 34 34 43 56 62 88 89 93 93 93 99 100
4 8 8 15 28 31 39 40 52 53 53 61 75 77 82 83 91 94 95 96
16
1 13 16 36 42 46 48 51 53 60 66 72 76 77 91 96
8 12 13 15 16 21 21 26 34 38 44 58 62 62 76 88
15
4 23 23 32 41 41 55 58 60 61 74 80 87 88 97
9 12 19 23 24 27 46 57 62 62 67 68 72 94 97
16
5 13 16 20 28 31 40 44 51 58 70 78 89 95 99 100
4 11 14 19 27 30 39 42 51 52 58 73 89 89 95 99
20
2 8 15 16 18 28 31 43 46 47 52 58 65 67 70 72 79 80 95 97
3 15 15 16 23 30 41 44 46 49 54 62 66 67 72 77 80 90 95 99
14
8 10 13 15 34 40 58 62 79 85 87 92 97 99
7 9 13 14 26 35 43 60 68 85 87 88 96 97
20
5 8 15 19 25 28 32 46 47 51 53 56 65 75 78 86 90 90 94 100
3 6 14 16 22 26 31 46 47 48 52 54 57 73 77 81 86 90 93 97
15
1 7 20 25 29 32 35 38 44 51 54 55 68 74 82
5 17 21 28 29 33 35 39 48 52 54 56 68 76 86
18
7 10 18 23 35 37 38 46 63 66 68 75 84 84 91 92 97 99
10 11 20 25 28 32 49 52 63 76 79 80 84 86 88 95 96 96
14
13 18 33 37 41 53 60 62 64 65 72 76 80 100
6 15 30 35 40 50 57 61 62 64 70 72 80 87
