100
65 92
19 35
17 57
4 7
45 91
17 41
43 56
2 92
2 55
34 93
48 84
42 49
52 77
34 67
13 20
19 87
76 77
23 32
80 86
6 8
71 87
8 10
19 25
33 97
9 52
13 70
10 62
79 97
47 59
54 73
56 99
83 93
3 59
130 146
126 207
144 150
200 219
144 215
121 168
131 194
156 196
197 208
139 161
135 202
127 132
165 218
130 214
126 188
176 218
147 186
126 168
174 216
160 206
147 155
138 203
165 191
146 148
164 212
124 169
188 199
161 196
145 147
161 185
138 155
168 188
155 162
1015 1067
1014 1080
1004 1033
1052 1062
1001 1082
1021 1029
1047 1049
1051 1057
1032 1053
1009 1043
1009 1044
1084 1085
1012 1017
1047 1066
1033 1061
1019 1036
1046 1047
1072 1088
1016 1061
1056 1062
1062 1076
1007 1022
1058 1087
1011 1031
1044 1056
1038 1098
1011 1018
1017 1029
1040 1065
1030 1072
1083 1100
1083 1093
1001 1070
30 97